0 0 0 0 1 0 0 0 0 0 0 
1 0 0 0 0 0 0 0 0 0 16
0 0 1 0 0 0 0 0 0 0 32
0 0 0 1 0 0 0 0 0 0 48
0 0 0 0 0 0 1 0 0 0 64 
0 0 0 0 0 0 0 0 1 0 80 
0 1 0 0 0 0 0 0 0 0 96 
0 0 0 0 0 0 0 1 0 0 112
0 0 0 1 0 0 0 0 0 0 128
0 0 0 0 0 1 0 0 0 0 134
0 0 0 0 0 0 1 0 0 0 144 
0 0 1 0 0 0 0 0 0 0 150
0 1 0 0 0 0 0 0 0 0 160 
0 0 0 0 1 0 0 0 0 0 166 
1 0 0 0 0 0 0 0 0 0 176 
0 0 0 0 0 0 0 0 1 0 182 
0 0 0 0 0 0 0 1 0 0 192 
0 0 0 0 1 0 0 0 0 0 198
0 0 0 0 0 0 0 0 1 0 208 
0 0 0 1 0 0 0 0 0 0 214
0 0 1 0 0 0 0 0 0 0 224 
0 0 0 1 0 0 0 0 0 0 230 
0 0 0 0 0 1 0 0 0 0 240 
0 1 0 0 0 0 0 0 0 0 246
0 0 0 1 0 0 0 0 0 0 256 
0 0 0 0 0 0 0 1 0 0 264 
0 0 0 0 0 0 0 0 1 0 272 
0 0 1 0 0 0 0 0 0 0 280 
0 0 0 0 1 0 0 0 0 0 288 
0 0 0 0 0 0 1 0 0 0 296
0 0 0 0 0 1 0 0 0 0 304 
1 0 0 0 0 0 0 0 0 0 312 
0 0 0 0 1 0 0 0 0 0 320
0 0 0 1 0 0 0 0 0 0 328
0 1 0 0 0 0 0 0 0 0 336
0 0 0 0 0 0 0 1 0 0 344 
0 0 0 0 0 1 0 0 0 0 352 
0 0 0 0 1 0 0 0 0 0 360
0 0 1 0 0 0 0 0 0 0 368 
0 0 0 0 0 0 0 1 0 0 376
0 0 0 1 0 0 0 0 0 0 384
0 0 0 0 0 1 0 0 0 0 392
0 0 0 1 0 0 0 0 0 0 400
0 0 0 0 0 1 0 0 0 0 408
0 0 0 1 0 0 0 0 0 0 416
0 0 0 0 0 1 0 0 0 0 424
0 0 0 1 0 0 0 0 0 0 432
0 0 0 0 0 1 0 0 0 0 440
0 0 0 1 0 0 0 0 0 0 448
0 0 0 0 0 1 0 0 0 0 456
0 1 0 0 0 0 0 0 0 0 512 
0 0 0 0 1 0 0 0 0 0 520
0 0 0 0 0 0 0 1 0 0 528
0 0 0 0 0 0 1 0 0 0 536
0 1 0 0 0 0 0 0 0 0 544
0 0 0 0 0 0 0 0 1 0 552
1 0 0 0 0 0 0 0 0 0 560 
0 0 0 0 0 0 0 1 0 0 568 
0 0 1 0 0 0 0 0 0 0 576 
0 0 0 0 1 0 0 0 0 0 584 
0 1 0 0 0 0 0 0 0 0 592 
0 0 0 0 0 0 0 1 0 0 600 
0 0 0 0 0 0 1 0 0 0 608 
0 0 0 0 0 1 0 0 0 0 616 
1 0 0 0 0 0 0 0 0 0 624 
0 0 1 0 0 0 0 0 0 0 632 
0 0 0 1 0 0 0 0 0 0 640 
0 0 0 0 0 0 0 0 1 0 648 
0 0 0 0 1 0 0 0 0 0 656 
0 0 0 1 0 0 0 0 0 0 664 
0 0 0 0 0 1 0 0 0 0 672
0 0 1 0 0 0 0 0 0 0 680 
0 0 0 0 1 0 0 0 0 0 688 
0 0 0 0 0 0 1 0 0 0 696 
1 0 0 0 0 0 0 0 0 0 704 
0 0 0 0 1 0 0 0 0 0 712 
0 0 0 0 0 0 0 0 1 0 720
0 1 0 0 0 0 0 0 0 0 728 
0 0 0 0 1 0 0 0 0 0 736 
0 0 0 0 0 0 0 1 0 0 744
0 0 0 0 0 1 0 0 0 0 768
0 0 0 0 1 0 0 0 0 0 776
0 0 0 1 0 0 0 0 0 0 784
1 0 0 0 0 0 0 0 0 0 792
0 1 0 0 0 0 0 0 0 0 800 
0 0 1 0 0 0 0 0 0 0 808 
0 0 0 0 0 0 0 0 1 0 816 
0 0 0 0 0 0 0 1 0 0 824
0 0 0 0 0 0 1 0 0 0 832 
0 0 0 1 0 0 0 0 0 0 840 
0 0 0 0 0 0 0 1 0 0 848 
0 0 0 0 0 1 0 0 0 0 856 
0 0 0 1 0 0 0 0 0 0 864 
0 1 0 0 0 0 0 0 0 0 872 
0 0 0 0 0 1 0 0 0 0 880
0 1 0 0 0 0 0 0 0 0 888 
0 0 0 0 1 0 0 0 0 0 896
0 0 0 0 0 0 0 1 0 0 904
1 0 0 0 0 0 0 0 0 0 912 
0 0 0 0 1 0 0 0 0 0 920
0 0 0 0 0 0 1 0 0 0 928
0 0 1 0 0 0 0 0 0 0 936
0 0 0 0 1 0 0 0 0 0 944
0 0 0 0 0 0 0 0 1 0 952
0 0 0 1 0 0 0 0 0 0 960
0 0 0 0 0 1 0 0 0 0 968
0 0 0 1 0 0 0 0 0 0 976
0 0 0 0 0 1 0 0 0 0 984
0 0 0 1 0 0 0 0 0 0 992
0 0 0 0 0 1 0 0 0 0 1000
0 0 0 1 0 0 0 0 0 0 1008
0 0 0 0 0 1 0 0 0 0 1016
0 0 0 0 0 0 0 0 0 1 1024