0 0 0 0 0 0 1 0 0 0 0 
0 0 0 0 1 0 0 0 0 0 8
0 0 1 0 0 0 0 0 0 0 16
0 1 0 0 0 0 0 0 0 0 32
0 0 0 0 1 0 0 0 0 0 40 
0 0 0 0 0 0 0 1 0 0 48
0 0 0 0 0 0 0 0 1 0 64
0 0 0 0 1 0 0 0 0 0 72
1 0 0 0 0 0 0 0 0 0 80
0 0 0 1 0 0 0 0 0 0 96
0 0 0 0 1 0 0 0 0 0 104
0 0 0 0 0 1 0 0 0 0 112
0 0 0 1 0 0 0 0 0 0 128
0 0 0 0 0 0 0 1 0 0 136 
0 0 0 0 0 1 0 0 0 0 142
0 0 0 1 0 0 0 0 0 0 160
0 1 0 0 0 0 0 0 0 0 168
0 0 0 0 0 1 0 0 0 0 174
0 0 0 0 0 0 0 1 0 0 192
1 0 0 0 0 0 0 0 0 0 200
0 0 0 0 0 1 0 0 0 0 206
0 0 0 1 0 0 0 0 0 0 224
0 0 0 0 0 0 0 0 1 0 232
0 1 0 0 0 0 0 0 0 0 238
0 0 0 0 0 0 0 1 0 0 256 
0 0 0 0 1 0 0 0 0 0 264
0 1 0 0 0 0 0 0 0 0 270
0 0 0 0 0 0 0 1 0 0 288
0 0 0 0 1 0 0 0 0 0 296 
0 0 0 0 0 0 0 0 1 0 302
0 0 0 0 0 0 1 0 0 0 320
0 0 0 0 1 0 0 0 0 0 328
0 0 1 0 0 0 0 0 0 0 334
0 0 0 0 0 0 1 0 0 0 352
0 0 0 0 1 0 0 0 0 0 360 
0 0 0 0 0 0 0 1 0 0 366
0 0 0 0 0 0 1 0 0 0 384
0 0 0 1 0 0 0 0 0 0 392
1 0 0 0 0 0 0 0 0 0 398
0 0 0 0 0 0 0 0 1 0 416 
0 0 0 0 0 1 0 0 0 0 424 
0 0 1 0 0 0 0 0 0 0 430
0 0 0 1 0 0 0 0 0 0 456
0 0 0 0 0 1 0 0 0 0 464
0 0 0 1 0 0 0 0 0 0 472
0 0 0 0 0 1 0 0 0 0 480
0 0 0 0 0 0 0 0 0 1 512
1 0 0 0 0 0 0 0 0 0 516
0 0 0 0 0 0 0 1 0 0 524 
0 0 1 0 0 0 0 0 0 0 530