0 0 0 1 0 0 0 0 0 0 0
0 0 0 0 0 1 0 0 0 0 4 
0 0 0 0 1 0 0 0 0 0 8
0 1 0 0 0 0 0 0 0 0 12 
0 0 0 0 0 1 0 0 0 0 16
0 0 0 1 0 0 0 0 0 0 20
0 0 0 0 1 0 0 0 0 0 24
0 0 0 0 0 0 0 1 0 0 28
0 0 0 1 0 0 0 0 0 0 32
0 0 0 0 0 1 0 0 0 0 36
0 0 0 0 1 0 0 0 0 0 40
0 1 0 0 0 0 0 0 0 0 44
0 0 0 0 0 1 0 0 0 0 48
0 0 0 1 0 0 0 0 0 0 52
0 0 0 0 0 1 0 0 0 0 56
0 0 0 1 0 0 0 0 0 0 60
1 0 0 0 0 0 0 0 0 0 64
0 0 0 0 0 1 0 0 0 0 68
0 0 0 0 0 0 1 0 0 0 72
0 0 0 1 0 0 0 0 0 0 76
0 0 0 0 1 0 0 0 0 0 80
0 0 1 0 0 0 0 0 0 0 84
0 0 0 1 0 0 0 0 0 0 88
0 0 0 0 0 0 0 0 1 0 92
1 0 0 0 0 0 0 0 0 0 96
0 0 0 0 0 1 0 0 0 0 100
0 0 0 0 0 0 1 0 0 0 104
0 0 0 1 0 0 0 0 0 0 108
0 0 0 0 1 0 0 0 0 0 112
0 0 0 0 0 1 0 0 0 0 128
0 0 0 0 1 0 0 0 0 0 136
0 0 0 1 0 0 0 0 0 0 142
0 1 0 0 0 0 0 0 0 0 156
0 0 0 0 0 0 1 0 0 0 160
0 0 0 0 0 0 0 1 0 0 168
0 0 0 0 0 0 0 0 1 0 174
1 0 0 0 0 0 0 0 0 0 188
0 0 0 1 0 0 0 0 0 0 192
0 0 0 0 1 0 0 0 0 0 200
0 1 0 0 0 0 0 0 0 0 206
0 0 0 0 0 0 0 0 1 0 220
0 0 0 0 0 0 0 1 0 0 224
0 0 0 0 1 0 0 0 0 0 232 
0 0 0 0 0 1 0 0 0 0 238
0 0 0 0 0 0 1 0 0 0 256
0 0 0 0 1 0 0 0 0 0 260
0 0 0 0 0 1 0 0 0 0 262
0 0 0 0 1 0 0 0 0 0 264
0 0 0 0 0 0 0 1 0 0 268
0 0 0 0 0 1 0 0 0 0 270
0 0 0 0 0 1 0 0 0 0 288
0 1 0 0 0 0 0 0 0 0 292
1 0 0 0 0 0 0 0 0 0 294
0 1 0 0 0 0 0 0 0 0 296
0 0 0 0 1 0 0 0 0 0 300
1 0 0 0 0 0 0 0 0 0 302
0 0 0 1 0 0 0 0 0 0 320 
0 0 0 0 0 1 0 0 0 0 324
0 0 0 0 0 0 1 0 0 0 326
0 0 0 0 0 1 0 0 0 0 328
0 1 0 0 0 0 0 0 0 0 332
0 0 0 0 0 0 0 1 0 0 334
0 0 0 0 0 0 1 0 0 0 352
0 0 1 0 0 0 0 0 0 0 356
0 0 0 1 0 0 0 0 0 0 358
0 0 1 0 0 0 0 0 0 0 360
1 0 0 0 0 0 0 0 0 0 364 
0 0 0 0 0 0 0 0 1 0 366
0 0 0 1 0 0 0 0 0 0 384
0 1 0 0 0 0 0 0 0 0 386
0 0 1 0 0 0 0 0 0 0 390
0 1 0 0 0 0 0 0 0 0 392
0 0 0 0 0 0 0 1 0 0 396
0 0 0 0 0 1 0 0 0 0 398
0 1 0 0 0 0 0 0 0 0 416
0 0 0 0 1 0 0 0 0 0 420
0 0 0 0 0 0 0 0 1 0 422
0 0 0 0 1 0 0 0 0 0 424
0 0 0 0 0 0 1 0 0 0 428
0 0 0 0 0 0 0 0 1 0 430 
0 0 0 1 0 0 0 0 0 0 448
0 0 0 0 0 1 0 0 0 0 456
0 0 0 1 0 0 0 0 0 0 464
0 0 0 0 0 1 0 0 0 0 472
0 0 0 0 0 0 1 0 0 0 480
0 0 0 0 0 0 0 0 1 0 484
1 0 0 0 0 0 0 0 0 0 488
0 0 1 0 0 0 0 0 0 0 492
1 0 0 0 0 0 0 0 0 0 496
0 0 0 0 1 0 0 0 0 1 508
0 0 0 1 0 0 0 0 0 0 512
0 0 0 0 1 0 0 0 0 0 516
0 0 0 0 0 1 0 0 0 0 518 
0 0 0 1 0 0 0 0 0 0 520 
0 0 0 0 0 1 0 0 0 0 524
0 0 0 0 0 0 1 0 0 0 526
0 1 0 0 0 0 0 0 0 0 536
0 0 0 0 0 0 0 1 0 0 540
0 1 0 0 0 0 0 0 0 0 544
0 0 0 0 1 0 0 0 0 0 548 
0 0 0 0 0 1 0 0 0 0 550 
0 0 0 0 0 0 1 0 0 0 552
0 0 0 0 0 0 0 1 0 0 558
0 0 0 0 0 0 0 0 1 0 560
0 0 0 1 0 0 0 0 0 0 570
0 0 0 0 0 1 0 0 0 0 574
0 0 0 0 1 0 0 0 0 0 578
0 1 0 0 0 0 0 0 0 0 582 
0 0 0 0 0 0 0 1 0 0 584
0 0 0 0 0 0 0 0 1 0 586
0 0 0 0 0 1 0 0 0 0 590
1 0 0 0 0 0 0 0 0 0 592
0 0 0 0 0 0 0 0 1 0 602
1 0 0 0 0 0 0 0 0 0 606
0 0 0 0 0 0 0 1 0 0 610
0 1 0 0 0 0 0 0 0 0 614
0 0 0 0 1 0 0 0 0 0 616
0 0 0 1 0 0 0 0 0 0 618
0 0 0 0 0 1 0 0 0 0 624
1 0 0 0 0 0 0 0 0 0 640
0 1 0 0 0 0 0 0 0 0 648
0 0 1 0 0 0 0 0 0 0 654 
0 0 0 0 0 1 0 0 0 0 660
0 0 0 0 0 0 0 0 1 0 664
0 0 0 0 0 0 0 1 0 0 668
0 0 0 0 0 0 1 0 0 0 672
0 0 0 0 1 0 0 0 0 0 680
1 0 0 0 0 0 0 0 0 0 686
0 0 0 1 0 0 0 0 0 0 692
0 0 0 0 1 0 0 0 0 0 696
0 0 0 0 0 1 0 0 0 0 700
0 0 0 0 0 0 1 0 0 0 704
0 0 0 0 1 0 0 0 0 0 712
0 0 1 0 0 0 0 0 0 0 718
0 0 0 0 0 0 0 1 0 0 724
0 0 0 0 0 0 0 0 1 0 728
0 0 0 0 0 1 0 0 0 0 732
1 0 0 0 0 0 0 0 0 0 736
0 0 0 0 1 0 0 0 0 0 744
0 0 0 0 0 0 0 0 1 0 750
0 1 0 0 0 0 0 0 0 0 756
0 0 1 0 0 0 0 0 0 0 760
0 0 0 0 0 1 0 0 0 0 764
0 0 0 0 1 0 0 0 0 0 768
0 1 0 0 0 0 0 0 0 0 776
1 0 0 0 0 0 0 0 0 0 782
0 0 1 0 0 0 0 0 0 0 786
0 0 0 0 0 0 1 0 0 0 800
0 0 0 0 1 0 0 0 0 0 808
0 1 0 0 0 0 0 0 0 0 814
0 0 0 0 0 1 0 0 0 0 818
1 0 0 0 0 0 0 0 0 0 832
0 1 0 0 0 0 0 0 0 0 840
0 0 0 0 1 0 0 0 0 0 846
0 0 0 0 0 1 0 0 0 0 850
0 0 0 0 0 0 0 0 1 0 864
0 0 0 0 0 0 0 1 0 0 872
0 0 0 0 1 0 0 0 0 0 878
0 0 0 1 0 0 0 0 0 0 882
0 0 0 0 1 0 0 0 0 1 896
