0 0 0 0 0 0 1 0 0 0 0 
0 0 0 0 1 0 0 0 0 0 8
0 0 1 0 0 0 0 0 0 0 16
0 1 0 0 0 0 0 0 0 0 32
0 0 0 0 1 0 0 0 0 0 40 
0 0 0 0 0 0 0 1 0 0 48
0 0 0 0 0 0 0 0 1 0 64
0 0 0 0 1 0 0 0 0 0 72
1 0 0 0 0 0 0 0 0 0 80
0 0 0 1 0 0 0 0 0 0 96
0 0 0 0 1 0 0 0 0 0 104
0 0 0 0 0 1 0 0 0 0 112
0 0 0 1 0 0 0 0 0 0 128
0 0 0 0 0 0 0 1 0 0 136 
0 0 0 0 0 1 0 0 0 0 142
0 0 0 1 0 0 0 0 0 0 160
0 1 0 0 0 0 0 0 0 0 168
0 0 0 0 0 1 0 0 0 0 174
0 0 0 0 0 0 0 1 0 0 192
1 0 0 0 0 0 0 0 0 0 200
0 0 0 0 0 1 0 0 0 0 206
0 0 0 1 0 0 0 0 0 0 224
0 0 0 0 0 0 0 0 1 0 232
0 1 0 0 0 0 0 0 0 0 238
0 0 0 0 0 0 0 1 0 0 256 
0 0 0 0 1 0 0 0 0 0 264
0 1 0 0 0 0 0 0 0 0 270
0 0 0 0 0 0 0 1 0 0 288
0 0 0 0 1 0 0 0 0 0 296 
0 0 0 0 0 0 0 0 1 0 302