0 0 0 0 0 0 1 0 0 0 0
0 0 0 0 0 0 0 1 0 0 4
0 0 0 0 0 0 0 0 1 0 8
0 0 0 0 0 0 0 1 0 0 12
0 0 0 0 0 0 1 0 0 0 16
0 0 0 0 0 0 0 1 0 0 20
0 0 0 0 0 0 0 0 1 0 24
0 0 0 1 0 0 0 0 0 0 32
0 0 0 0 1 0 0 0 0 0 36
0 0 0 0 0 1 0 0 0 0 40
0 0 0 0 1 0 0 0 0 0 44
0 0 0 1 0 0 0 0 0 0 48
0 0 0 0 1 0 0 0 0 0 52
0 0 0 0 0 1 0 0 0 0 56
1 0 0 0 0 0 0 0 0 0 64
0 1 0 0 0 0 0 0 0 0 68
0 0 1 0 0 0 0 0 0 0 72
0 1 0 0 0 0 0 0 0 0 76
1 0 0 0 0 0 0 0 0 0 80
0 1 0 0 0 0 0 0 0 0 84
0 0 1 0 0 0 0 0 0 0 88
1 0 0 0 0 0 0 0 0 0 96
0 0 1 0 0 0 0 0 0 0 100
0 0 0 1 0 0 0 0 0 0 104
0 0 0 0 0 1 0 0 0 0 108
0 0 0 0 0 0 1 0 0 0 112
0 0 0 0 0 0 0 0 1 0 116
0 0 0 0 1 0 0 0 0 0 120
0 0 0 0 0 0 0 0 1 1 128
0 0 0 0 0 0 0 1 0 0 136
0 0 0 0 0 0 1 0 0 0 144
0 0 0 0 0 0 0 1 0 0 152
0 0 0 0 0 0 0 0 1 1 160
0 0 0 0 0 0 0 1 0 0 168
0 0 0 0 0 0 1 0 0 0 176
0 0 0 0 0 0 0 1 0 0 184
0 0 0 1 0 0 0 0 0 1 192
0 0 0 0 1 0 0 0 0 0 196
0 0 0 0 0 1 0 0 0 0 200
0 0 0 0 1 0 0 0 0 0 204
0 0 0 1 0 0 0 0 0 1 208
0 0 0 0 1 0 0 0 0 0 212
0 0 0 0 0 1 0 0 0 0 216
0 0 0 0 1 0 0 0 0 0 220
1 0 0 0 0 0 0 0 0 0 224
0 0 0 0 0 0 1 0 0 0 228
0 0 0 0 1 0 0 0 0 0 232
0 1 0 0 0 0 0 0 0 0 236
0 0 0 0 1 0 0 0 0 0 240
0 0 0 0 1 0 0 0 0 1 256
0 0 0 0 0 1 0 0 0 0 260
0 0 0 1 0 0 0 0 0 0 264
0 0 0 0 1 0 0 0 0 0 268
0 1 0 0 0 0 0 0 0 0 272
0 0 0 1 0 0 0 0 0 0 276
1 0 0 0 0 0 0 0 0 0 280
0 0 1 0 0 0 0 0 0 0 284
0 0 0 0 0 0 0 1 0 0 288
0 1 0 0 0 0 0 0 0 0 292
0 0 0 0 0 0 0 0 1 0 296
0 0 1 0 0 0 0 0 0 0 300
1 0 0 0 0 0 0 0 0 0 304
0 0 1 0 0 0 0 0 0 0 308
0 0 0 0 1 0 0 0 0 0 312
0 1 0 0 0 0 0 0 0 0 316
0 0 0 1 0 0 0 0 0 0 320
0 0 0 0 0 1 0 0 0 0 324
0 1 0 0 0 0 0 0 0 0 328
0 0 0 0 0 0 0 1 0 0 332
1 0 0 0 0 0 0 0 0 0 336
0 1 0 0 0 0 0 0 0 0 340
0 0 1 0 0 0 0 0 0 0 344
0 0 0 0 0 1 0 0 0 0 348
0 0 0 0 0 0 0 0 1 0 352
0 0 0 0 0 0 0 1 0 0 356
0 0 0 0 0 0 1 0 0 0 360
0 0 1 0 0 0 0 0 0 0 364
0 0 0 0 0 1 0 0 0 0 368
0 0 0 0 0 0 0 0 1 0 372
0 0 0 0 0 0 0 1 0 0 376
1 0 0 0 0 0 0 0 0 0 380
0 0 0 1 0 0 0 0 0 0 384
0 0 0 0 0 0 1 0 0 0 388
0 0 0 0 0 0 0 1 0 0 392
0 0 1 0 0 0 0 0 0 0 396
1 0 0 0 0 0 0 0 0 0 400
0 0 0 0 0 1 0 0 0 0 404
0 0 0 1 0 0 0 0 0 0 408
0 0 0 0 0 0 0 0 1 0 412
0 0 0 0 0 0 1 0 0 0 416
0 0 0 0 0 0 0 1 0 0 420
0 0 0 0 1 0 0 0 0 0 424
1 0 0 0 0 0 0 0 0 0 428
0 0 0 0 0 0 0 0 1 0 432
0 0 1 0 0 0 0 0 0 0 436
0 0 0 1 0 0 0 0 0 0 440
0 0 0 0 0 1 0 0 0 0 444
0 0 0 0 0 0 1 0 0 0 448
0 0 1 0 0 0 0 0 0 0 452
0 0 0 0 1 0 0 0 0 0 456
0 1 0 0 0 0 0 0 0 0 460
0 0 0 0 0 0 0 1 0 0 464
0 0 0 0 1 0 0 0 0 0 468
0 0 0 1 0 0 0 0 0 0 472
0 0 0 0 1 0 0 0 0 0 476
0 0 0 0 0 1 0 0 0 0 480
0 0 0 0 0 0 0 0 1 0 484
0 0 0 1 0 0 0 0 0 0 488
0 0 0 0 0 1 0 0 0 0 492
0 0 0 0 1 0 0 0 0 0 496
0 0 0 0 0 0 0 0 1 0 500
0 1 0 0 0 0 0 0 0 0 504
1 0 0 0 0 0 0 0 0 0 508
0 0 1 0 0 0 0 0 0 0 512

1 0 0 0 0 0 0 0 0 0 516

0 0 0 0 1 0 0 0 0 0 522

0 1 0 0 0 0 0 0 0 0 524

0 0 0 0 1 0 0 0 0 0 530

0 0 0 1 0 0 0 0 0 0 532

0 0 0 0 1 0 0 0 0 0 538

0 0 0 0 0 0 1 0 0 0 540

0 0 0 0 0 1 0 0 0 0 544

1 0 0 0 0 0 0 0 0 0 548

0 0 1 0 0 0 0 0 0 0 554

1 0 0 0 0 0 0 0 0 0 556

0 0 1 0 0 0 0 0 0 0 562

0 0 0 0 1 0 0 0 0 0 564

0 0 1 0 0 0 0 0 0 0 570

0 0 0 1 0 0 0 0 0 0 572

0 0 0 0 0 0 0 0 1 0 576

0 0 0 0 0 0 1 0 0 0 580

0 0 1 0 0 0 0 0 0 0 586

0 0 0 0 0 0 0 1 0 0 588

0 0 1 0 0 0 0 0 0 0 594

0 0 0 0 0 0 0 0 1 0 596

0 0 1 0 0 0 0 0 0 0 602

0 0 0 0 0 0 1 0 0 0 604

0 1 0 0 0 0 0 0 0 0 608

1 0 0 0 0 0 0 0 0 0 612

0 0 0 0 0 1 0 0 0 0 618

0 0 0 1 0 0 0 0 0 0 620

0 0 0 0 0 1 0 0 0 0 626

0 0 0 0 1 0 0 0 0 0 628

0 0 0 0 0 1 0 0 0 0 634

0 1 0 0 0 0 0 0 0 0 636

0 0 1 0 0 0 0 0 0 0 640

0 0 0 1 0 0 0 0 0 0 644

0 0 0 0 1 0 0 0 0 0 650

1 0 0 0 0 0 0 0 0 0 652

0 0 0 0 1 0 0 0 0 0 658

0 0 0 1 0 0 0 0 0 0 660

0 0 0 0 1 0 0 0 0 0 666

0 0 0 0 0 0 1 0 0 0 668

0 0 0 0 0 1 0 0 0 0 672

0 0 0 1 0 0 0 0 0 0 676

0 0 0 0 0 0 0 1 0 0 682

0 0 0 0 0 0 1 0 0 0 684

0 0 0 0 0 0 0 1 0 0 690

0 0 0 1 0 0 0 0 0 0 692

0 0 0 0 0 0 0 1 0 0 698

1 0 0 0 0 0 0 0 0 0 700

0 0 0 0 0 0 0 0 1 0 704

0 0 1 0 0 0 0 0 0 0 708

0 0 0 0 0 1 0 0 0 0 714

0 1 0 0 0 0 0 0 0 0 716

0 0 0 0 0 1 0 0 0 0 722

1 0 0 0 0 0 0 0 0 0 724

0 0 0 0 0 1 0 0 0 0 730

0 0 0 1 0 0 0 0 0 0 732

0 0 0 0 0 0 1 0 0 0 736
0 0 0 0 0 0 0 0 1 0 740
0 0 0 0 0 0 1 0 0 0 744
0 0 0 0 0 0 0 0 1 0 748
0 0 0 0 0 0 1 0 0 0 752
0 0 0 0 0 0 0 0 0 1 768
