1 0 0 0 0 0 0 0 0 0 0 
0 0 0 1 0 0 0 0 0 0 16
0 0 0 0 0 0 1 0 0 0 32
0 0 0 0 1 0 0 0 0 0 48
0 0 0 1 0 0 0 0 0 0 64
0 0 0 0 0 1 0 0 0 0 68
0 0 0 0 0 0 0 1 0 0 70
1 0 0 0 0 0 0 0 0 0 80 
0 1 0 0 0 0 0 0 0 0 84 
0 0 1 0 0 0 0 0 0 0 86
0 0 0 0 0 1 0 0 0 0 96
0 0 0 0 0 0 0 0 1 0 102
0 0 0 0 0 0 0 1 0 0 106
0 0 0 0 0 0 1 0 0 0 110
0 1 0 0 0 0 0 0 0 0 128
0 0 0 0 0 0 0 1 0 0 134
0 0 0 1 0 0 0 0 0 0 144 
0 0 0 0 0 1 0 0 0 0 150
1 0 0 0 0 0 0 0 0 0 156
0 0 0 0 0 0 1 0 0 0 160
0 0 1 0 0 0 0 0 0 0 166
0 0 0 0 1 0 0 0 0 0 176 
0 0 0 0 0 0 0 0 1 0 182 
0 1 0 0 0 0 0 0 0 0 188 
1 0 0 0 0 0 0 0 0 0 192
0 0 1 0 0 0 0 0 0 0 198
0 0 0 0 1 0 0 0 0 0 208
0 1 0 0 0 0 0 0 0 0 214
0 0 0 0 0 0 0 1 0 0 220
0 0 0 0 0 0 1 0 0 0 224
0 0 0 0 0 0 0 0 1 0 230
0 0 0 0 1 0 0 0 0 0 240
0 0 0 0 0 0 0 1 0 0 248
0 1 0 0 0 0 0 0 0 0 252
0 0 0 1 0 0 0 0 0 0 256
0 0 0 0 0 0 0 1 0 0 260
0 0 0 0 0 1 0 0 0 0 264
0 1 0 0 0 0 0 0 0 0 268
1 0 0 0 0 0 0 0 0 0 272 
0 0 0 0 0 0 1 0 0 0 276
0 0 0 0 0 0 0 0 1 0 280
0 0 1 0 0 0 0 0 0 0 284
0 0 0 0 0 0 1 0 0 0 288
0 0 0 0 1 0 0 0 0 0 292
0 0 1 0 0 0 0 0 0 0 296
0 0 0 0 0 1 0 0 0 0 300
0 0 0 0 0 0 0 0 1 0 304
0 0 0 0 0 0 0 1 0 0 308 
0 0 0 0 1 0 0 0 0 0 312
1 0 0 0 0 0 0 0 0 0 316
0 0 0 1 0 0 0 0 0 0 320
0 0 0 0 0 0 1 0 0 0 324
0 0 0 0 0 0 0 1 0 0 328
0 0 0 0 1 0 0 0 0 0 332
0 0 1 0 0 0 0 0 0 0 336
0 0 0 0 0 0 0 0 1 0 340
1 0 0 0 0 0 0 0 0 0 344 
0 0 0 1 0 0 0 0 0 0 348
0 0 0 0 0 1 0 0 0 0 352
0 1 0 0 0 0 0 0 0 0 356
0 0 0 0 1 0 0 0 0 0 360
0 0 0 0 0 0 0 1 0 0 364
0 0 1 0 0 0 0 0 0 0 368
0 0 0 0 0 0 0 0 1 0 372
1 0 0 0 0 0 0 0 0 0 384
0 0 0 1 0 0 0 0 0 0 388
0 0 0 0 0 0 1 0 0 0 392
0 0 0 0 0 0 0 1 0 0 396
0 0 0 0 0 0 0 0 1 0 400
0 0 0 0 0 1 0 0 0 0 404
0 0 1 0 0 0 0 0 0 0 408 
0 1 0 0 0 0 0 0 0 0 412
1 0 0 0 0 0 0 0 0 0 416
0 0 0 1 0 0 0 0 0 0 420
0 0 0 0 0 0 1 0 0 0 424
0 0 0 0 0 0 0 1 0 0 428
0 0 0 0 0 0 0 0 1 0 432
0 0 0 0 0 1 0 0 0 0 436
0 0 1 0 0 0 0 0 0 0 440 
0 1 0 0 0 0 0 0 0 0 444
1 0 0 0 0 0 0 0 0 0 448
0 0 0 1 0 0 0 0 0 0 452
0 0 0 0 0 0 1 0 0 0 456 
0 0 0 0 0 0 0 1 0 0 460 
0 0 0 0 0 0 0 0 1 0 464 
0 0 0 0 0 1 0 0 0 0 468
0 0 1 0 0 0 0 0 0 0 472 
0 1 0 0 0 0 0 0 0 0 476
0 0 0 0 0 0 0 0 0 1 508
0 0 0 1 0 0 0 0 0 0 512
0 0 0 0 0 0 1 0 0 0 516 
0 1 0 0 0 0 0 0 0 0 520
0 0 1 0 0 0 0 0 0 0 524 
0 0 0 0 0 1 0 0 0 0 528
1 0 0 0 0 0 0 0 0 0 532
0 0 0 0 1 0 0 0 0 0 536 
0 0 0 0 0 0 0 1 0 0 540
0 0 0 0 0 0 1 0 0 0 544 
0 0 0 0 0 0 0 1 0 0 552
0 0 0 1 0 0 0 0 0 0 556
0 0 0 0 0 0 0 0 1 0 560
0 0 1 0 0 0 0 0 0 0 564
0 0 0 0 1 0 0 0 0 0 568 
0 1 0 0 0 0 0 0 0 0 572 
1 0 0 0 0 0 0 0 0 0 576 
0 0 0 0 0 0 0 1 0 0 584
0 1 0 0 0 0 0 0 0 0 588 
0 0 1 0 0 0 0 0 0 0 592
0 0 0 0 1 0 0 0 0 0 596 
0 0 0 1 0 0 0 0 0 0 600 
0 0 0 0 0 1 0 0 0 0 604
0 0 0 1 0 0 0 0 0 0 608 
0 0 0 0 0 0 0 1 0 0 616
1 0 0 0 0 0 0 0 0 0 620 
0 0 0 0 0 1 0 0 0 0 624
0 0 1 0 0 0 0 0 0 0 628 
0 0 0 0 0 0 1 0 0 0 632 
0 0 0 0 0 0 0 0 1 0 636
0 0 0 1 0 0 0 0 0 0 640 
0 0 0 0 1 0 0 0 0 0 648
0 0 0 0 0 0 0 0 1 0 652
0 0 0 0 0 1 0 0 0 0 656
1 0 0 0 0 0 0 0 0 0 660 
0 1 0 0 0 0 0 0 0 0 664
0 0 0 0 0 0 0 1 0 0 668
0 0 0 0 0 0 1 0 0 0 672
0 0 0 0 1 0 0 0 0 0 680
0 0 0 1 0 0 0 0 0 0 684 
0 0 1 0 0 0 0 0 0 0 688
0 0 0 0 0 1 0 0 0 0 692 
1 0 0 0 0 0 0 0 0 0 696
0 0 0 0 0 0 0 0 1 0 700
0 0 1 0 0 0 0 0 0 0 704 
0 0 0 0 1 0 0 0 0 0 712
0 0 0 1 0 0 0 0 0 0 716 
0 0 0 0 0 0 0 0 1 0 720
0 0 0 0 0 1 0 0 0 0 724
0 0 0 0 0 0 0 1 0 0 728
0 1 0 0 0 0 0 0 0 0 732
0 0 0 0 0 0 0 1 0 0 736
1 0 0 0 0 0 0 0 0 0 744
0 0 1 0 0 0 0 0 0 0 748
0 0 0 0 1 0 0 0 0 0 752
0 0 0 0 0 0 0 0 1 0 756 
0 0 0 0 0 0 1 0 0 0 760 
0 1 0 0 0 0 0 0 0 0 764 
0 0 0 0 0 0 0 1 0 0 768
0 1 0 0 0 0 0 0 0 0 776
1 0 0 0 0 0 0 0 0 0 780
0 0 0 0 1 0 0 0 0 0 784
0 0 0 0 0 0 1 0 0 0 788 
0 0 0 0 0 0 0 1 0 0 792
0 0 0 1 0 0 0 0 0 0 796 
0 0 0 0 0 1 0 0 0 0 800
0 0 0 0 1 0 0 0 0 0 808
0 1 0 0 0 0 0 0 0 0 812
0 0 1 0 0 0 0 0 0 0 816
0 0 0 0 0 0 0 1 0 0 820
1 0 0 0 0 0 0 0 0 0 824
0 0 0 0 0 0 1 0 0 0 828
0 0 0 0 0 0 0 0 1 0 832
0 0 1 0 0 0 0 0 0 0 836
0 0 0 0 1 0 0 0 0 0 844
0 0 0 1 0 0 0 0 0 0 848
0 0 0 0 0 0 1 0 0 0 852
0 0 0 0 0 1 0 0 0 0 856
0 0 0 0 0 0 0 1 0 0 860
0 0 0 0 0 0 0 0 1 0 864
1 0 0 0 0 0 0 0 0 0 868
0 1 0 0 0 0 0 0 0 0 876
0 0 0 1 0 0 0 0 0 0 880
0 0 1 0 0 0 0 0 0 0 884
0 0 0 0 0 0 1 0 0 0 888
0 0 0 0 1 0 0 0 0 0 892 
0 0 0 0 0 0 0 1 0 0 896
1 0 0 0 0 0 0 0 0 0 900
0 0 1 0 0 0 0 0 0 0 904 
0 0 0 1 0 0 0 0 0 0 908 
0 0 0 0 0 1 0 0 0 0 912 
0 0 0 0 0 0 1 0 0 0 916
0 0 0 0 0 0 0 0 1 0 920 
0 0 0 1 0 0 0 0 0 0 924 
0 0 0 0 0 1 0 0 0 0 928 
1 0 0 0 0 0 0 0 0 0 932 
0 0 1 0 0 0 0 0 0 0 936
0 0 0 1 0 0 0 0 0 0 940 
0 0 0 0 0 1 0 0 0 0 944
0 0 0 0 0 0 1 0 0 0 948
0 0 0 0 0 0 0 0 1 0 952
0 0 0 1 0 0 0 0 0 0 956
0 0 0 0 0 1 0 0 0 0 960
1 0 0 0 0 0 0 0 0 0 964 
0 0 1 0 0 0 0 0 0 0 968
0 0 0 1 0 0 0 0 0 0 972
0 0 0 0 0 1 0 0 0 0 976
0 0 0 0 0 0 1 0 0 0 980
0 0 0 0 0 0 0 0 1 0 984 
0 0 0 1 0 0 0 0 0 0 988
0 0 0 0 0 1 0 0 0 0 992
0 0 0 0 0 0 0 0 0 1 1024