1 0 0 0 0 0 0 0 0 0 0 
0 0 0 0 0 0 1 0 0 0 16
0 0 0 0 0 0 0 0 1 0 32
0 0 1 0 0 0 0 0 0 0 48
0 0 0 1 0 0 0 0 0 0 64
0 0 0 0 1 0 0 0 0 0 68
0 1 0 0 0 0 0 0 0 0 70
1 0 0 0 0 0 0 0 0 0 80 
0 1 0 0 0 0 0 0 0 0 84 
0 0 1 0 0 0 0 0 0 0 86
0 0 0 0 0 1 0 0 0 0 96
0 0 0 0 0 0 0 0 1 0 102
0 0 0 0 0 0 0 1 0 0 106
0 0 0 0 1 0 0 0 0 0 110
0 1 0 0 0 0 0 0 0 0 128
0 0 0 0 0 0 0 1 0 0 134
0 0 0 1 0 0 0 0 0 0 144 
0 0 0 0 0 1 0 0 0 0 150
0 0 0 0 1 0 0 0 0 0 156
0 0 0 0 0 0 1 0 0 0 160
0 0 1 0 0 0 0 0 0 0 166
1 0 0 0 0 0 0 0 0 0 176 
0 0 0 0 0 0 0 0 1 0 182 
0 1 0 0 0 0 0 0 0 0 188 
1 0 0 0 0 0 0 0 0 0 192
0 0 1 0 0 0 0 0 0 0 198
0 0 0 0 1 0 0 0 0 0 208
0 1 0 0 0 0 0 0 0 0 214
0 0 0 0 0 0 0 1 0 0 220
0 0 0 0 0 0 1 0 0 0 224
0 0 0 0 0 0 0 0 1 0 230
0 0 0 0 1 0 0 0 0 0 240
0 0 0 0 0 0 0 1 0 0 246
0 1 0 0 0 0 0 0 0 0 252
