0 0 0 0 1 0 0 0 0 0 0 
1 0 0 0 0 0 0 0 0 0 16
0 0 1 0 0 0 0 0 0 0 32
0 0 0 1 0 0 0 0 0 0 48
0 0 0 0 0 0 1 0 0 0 64 
0 0 0 0 0 0 0 0 1 0 80 
0 1 0 0 0 0 0 0 0 0 96 
0 0 0 0 0 0 0 1 0 0 112
0 0 0 1 0 0 0 0 0 0 128
0 0 0 0 0 1 0 0 0 0 134
0 0 0 0 0 0 1 0 0 0 144 
0 0 1 0 0 0 0 0 0 0 150
0 1 0 0 0 0 0 0 0 0 160 
0 0 0 0 1 0 0 0 0 0 166 
1 0 0 0 0 0 0 0 0 0 176 
0 0 0 0 0 0 0 0 1 0 182 
0 0 0 0 0 0 0 1 0 0 192 
0 0 0 0 1 0 0 0 0 0 198
0 0 0 0 0 0 0 0 1 0 208 
0 0 0 1 0 0 0 0 0 0 214
0 0 1 0 0 0 0 0 0 0 224 
0 0 0 1 0 0 0 0 0 0 230 
0 0 0 0 0 1 0 0 0 0 240 
0 1 0 0 0 0 0 0 0 0 246
0 0 0 1 0 0 0 0 0 0 256 
0 0 0 0 0 0 0 1 0 0 262 
0 0 0 0 0 0 0 0 1 0 272 
0 0 1 0 0 0 0 0 0 0 278 
0 0 0 0 1 0 0 0 0 0 288 
0 0 0 0 0 0 1 0 0 0 294
0 0 0 0 0 1 0 0 0 0 304 
1 0 0 0 0 0 0 0 0 0 310 
0 0 0 0 1 0 0 0 0 0 320
0 0 0 1 0 0 0 0 0 0 326
0 1 0 0 0 0 0 0 0 0 336
0 0 0 0 0 0 0 1 0 0 342 
0 0 0 0 0 1 0 0 0 0 352 
0 0 0 0 1 0 0 0 0 0 358
0 0 1 0 0 0 0 0 0 0 368 
0 0 0 0 0 0 0 1 0 0 374